DIMENSION: 130
EDGE_WEIGHT_FORMAT: FULL_MATRIX
DISPLAY_DATA_TYPE: TWOD_DISPLAY
EDGE_WEIGHT_SECTION
0 119.096 169.646 248.296 161.416 507.813 295.591 199.721 543.899 430.46 164.898 382.813 409.243 424.764 272.595 87.8305 155.955 187.435 225.61 200.944 249.181 301.272 331.159 284.806 354.111 243.887 201.611 220.966 304.451 242.062 175.512 404.191 265.428 149.137 197.829 417.009 299.544 330.657 65.2713 319.412 37.489 325.195 206.73 313.144 97.8148 180.538 318.552 348.397 393.971 104.817 368.675 527.767 376.286 174.488 388.385 505.187 537.256 388.128 270.086 381.667 168.403 135.758 271.284 281.837 475.305 388.903 411.38 299.956 304.303 241.737 65.5611 452.108 465.291 504.333 508.044 127.423 401.782 355.265 301.844 169.66 383.674 553.164 188.803 419.199 344.74 355.504 382.318 307.743 303.524 319.665 526.756 403.334 262.724 342.264 302.288 400.759 251.004 321.061 498.853 226.936 586.943 523.239 419.969 173.507 115.601 327.34 184.853 197.405 160.174 297.339 587.985 121.338 394.452 197.132 187.336 274.142 120.991 174.733 459.303 391.372 303.49 380.125 589.139 202.887 321.651 235.094 150.409 89.7601 166.569 81.6422 
119.096 0 139.192 130.37 274.63 390.345 365.447 137.567 467.845 323.265 282.241 309.004 313.077 317.65 230.134 191.207 112.545 109.098 198.161 86.7485 157.487 192.297 224.107 229.869 374.875 327.132 170.034 274.796 259.454 215.31 132.925 403.879 172.645 132.393 80.9912 410.122 189.152 235.943 105.992 207.518 114.123 206.109 223.047 195.013 213.193 74.1671 207.069 374.214 280.13 39.7729 249.606 442.396 259.596 74.8281 272.318 433.321 464.578 274.74 242.443 262.604 285.57 203.127 308.931 389.116 401.658 391.663 310.081 326.024 410.954 304.139 92.0136 339.486 372.236 414.488 419.367 246.516 359.178 307.289 228.245 59.2541 321.06 491.287 179.292 412.351 342.085 457.99 308.645 406.785 286.469 313.18 412.795 303.611 149.028 319.168 236.271 298.994 323.063 332.774 402.567 175.885 538.93 407.036 365.246 203.633 184.739 216.962 228.455 136.66 279.029 298.926 547.711 174.03 392.09 154.544 230.503 211.6 146.236 57.5662 442.571 273.325 245.799 267.243 547.587 305.554 318.048 180.237 205.099 175.814 270.553 57.1984 
169.646 139.192 0 220.063 257.214 408.557 463.999 48.6277 596.088 300.707 278.672 441.291 262.324 295.225 369.318 177.277 249.961 68.0156 335.74 140.723 117.86 190.81 210.917 368.481 502.503 413.526 307.617 169.924 398.582 78.3228 271.043 538.732 131.275 264.755 189.109 546.532 193.264 357.702 105.425 213.932 134.759 262.988 349.136 237.66 215.826 114.464 211.954 499.715 367.74 103.398 299.837 564.907 337.759 208.056 289.825 564.235 594.664 364.142 106.596 311.114 316.85 135.511 427.726 442.459 532.204 252.578 271.854 450.691 465.031 407.733 104.369 426.976 489.833 533.916 539.697 264.28 498.123 186.009 362.75 121.063 457.035 625.582 43.5889 548.767 202.9 518.805 440.999 473.741 423.694 173.999 492.655 416.548 175.833 457.538 372.84 262.751 419.491 463.202 515.845 315.074 676.503 415.969 502.571 322.836 129.201 318.831 341.863 45.8417 299.587 432.029 686.352 106.124 527.352 28.7813 125.159 349.395 70.9405 141.275 580.784 341.815 134.631 269.763 686.089 368.866 178.877 68.2896 311.064 146.436 332.822 105.869 
248.296 130.37 220.063 0 404.91 273.795 449.608 188.161 386.038 241.039 412.434 243.771 257.297 236.154 225.377 320.82 163.542 155.961 221.491 79.6101 152.373 127.644 156.785 208.648 413.788 424.578 200.014 383.667 243.856 276.159 170.625 418.318 158.187 195.826 50.7107 416.861 120.56 147.705 232.087 127.998 244.01 83.232 281.483 85.7932 343.536 105.718 129.213 418.112 152.893 159.494 125.641 349.44 129.539 90.1554 166.373 359.017 387.359 148.214 296.616 138.481 411.024 323.405 370.932 503.736 327.146 455.337 243.492 375.47 524.558 387.189 218.413 212.898 272.163 316.748 323.006 375.381 329.812 327.888 179.482 102.169 270.301 426.486 263.333 418.923 405.332 566.775 243.666 513.697 298.519 376.173 284.285 197.765 84.2973 318.822 197.175 232.689 412.063 367.58 296.387 179.832 488.734 294.75 319.618 277.848 307.094 98.785 307.445 189.365 406.798 328.513 506.333 292.111 405.504 218.623 337.817 185.208 258.339 84.907 435.482 143.106 265.335 173.944 504.698 418.769 383.017 221.635 296.144 303.01 386.134 183.34 
161.416 274.63 257.214 404.91 0 650.247 328.68 303.336 696.588 555.01 31.1111 536.97 519.535 549.403 417.293 86.1878 311.466 307.04 367.061 346.309 368.555 434.214 459.961 434.45 443.134 264.898 347.771 177.284 448.36 299.005 328.691 509.27 383.802 296.944 355.481 527.068 434.399 491.323 178.125 455.359 161.142 476.88 322.976 460.511 63.8238 321.327 453.951 432.644 553.827 248.648 519.641 684.548 534.225 335.731 529.261 656.378 688.398 548.171 320.312 532.421 105.594 129.348 353.865 229.073 627.782 376.851 528.357 390.406 249.143 298.954 190.332 612.522 624.885 662.806 666.121 66.7669 539.417 412.855 457.797 314.65 532.955 698.216 247.052 529.075 347.465 305.472 536.432 275.776 430.674 332.448 686.685 564.41 403.847 470.411 455.606 518.896 290.603 422.937 659.074 378.527 722.417 662.07 564.079 286.699 129.007 488.154 281.854 300.511 79.4344 410.988 717.838 152.602 502.137 284.547 179.088 427.277 186.28 324.972 575.272 547.515 380.154 515.333 719.914 190.728 330.256 322.773 248.044 112.593 168.424 223.55 
507.813 390.345 408.557 273.795 650.247 0 720.323 360.17 475.31 136.555 664.221 410.328 203.978 139.414 464.486 564.143 435.446 346.622 478.416 307.15 290.843 218.369 198.659 438.676 662.748 698.115 462.669 572.68 470.211 416.455 439.209 647.276 278.572 467.877 321.409 638.617 217.011 324.927 472.473 195.947 493.141 190.58 548.052 195.479 594.787 329.977 197.638 670.195 209.192 405.337 149.641 419.961 188.993 363.922 120.991 472.365 487.109 214.905 419.085 137.651 675.7 541.842 635.063 776.008 448.924 549.357 177.386 633.117 797.185 658.385 461.015 212.034 351.641 384.649 392.675 633.988 523.601 382.586 392.838 338.827 449.892 544.408 439.816 640.313 509.486 840.382 410.667 787.413 538.195 487.214 208.818 302.005 246.835 545.472 414.084 178.642 684.372 616.727 345.337 433.898 624.19 29.7816 493.638 549.06 531.54 257.549 579.008 362.887 667.761 577.311 654.785 510.527 634.67 388.629 530.891 417.62 473.267 333.32 640.506 162.773 349.319 139.008 650.804 691.238 495.663 362.305 569.659 538.955 657.718 430.41 
295.591 365.447 463.999 449.608 328.68 720.323 0 487.628 531.408 682.044 301.312 408.261 678.126 676.634 285.656 333.986 286.066 467.506 251.369 447.638 522.354 552.88 585.37 315.273 158.82 63.875 260.526 484.906 300.504 537.652 281.117 237.856 537.828 253.824 407.9 261.782 548.431 429.885 360.86 564.074 332.54 531.335 174.617 534.47 302.033 439.527 564.233 143.192 542.041 378.218 570.732 546.395 543.831 360.92 615.672 489.068 516.367 535.038 565.661 582.684 225.966 406.132 102.342 161.607 471.528 674.727 673.468 130.569 165.188 62.5642 359.802 584.211 521.086 541.618 540.896 264.889 341.407 650.007 362.701 424.219 380.478 498.799 484.131 263.022 634.301 166.697 407.601 123.445 237.193 611.228 655.985 495.226 506.054 263.973 346.037 662.277 44.5874 171.327 558.255 294.142 488.943 743.164 383.003 171.763 390.423 475.138 142.268 485.712 251.146 192.062 469.905 405.423 237.446 490.399 465.199 327.51 414.68 417.15 313.512 567.657 595.6 619.433 474.093 140.346 612.249 526.62 160.361 358.974 160.815 363.669 
199.721 137.567 48.6277 188.161 303.336 360.17 487.628 0 571.72 252.697 323.416 421.4 217.174 247.173 362.754 221.143 249.71 33.6865 334.762 109.456 69.3418 142.937 162.309 358.034 511.641 440.958 306.769 215.473 390.195 88.507 269.454 541.242 82.666 269.645 166.327 546.93 145.807 332.2 140.177 166.213 168.671 220.759 358.88 193.779 258.371 87.8143 164.152 510.348 329.668 111.378 255.494 537.205 297.967 195.232 241.953 542.1 571.67 326.614 111.564 266.297 356.579 183.899 442.135 479.087 510.005 269.13 225.022 461.749 501.674 428.983 135.046 387.96 460.306 504.853 511.039 305.496 487.89 169.87 346.038 99.594 440.875 606.266 83.044 549.152 218.825 554.227 421.171 507.309 423.02 189.439 451.176 385.899 132.446 454.353 358.436 215.594 443.564 470.097 484.155 308.427 661.615 367.356 488.088 336.291 176.607 286.139 358.305 2.84083 340.979 436.492 674.111 153.937 529.363 32.0705 171.81 337.293 117.673 119.628 577.671 299.873 109.638 221.281 673.399 402.333 195.871 42.6836 330.266 191.315 366.026 123.995 
543.899 467.845 596.088 386.038 696.588 475.31 531.408 571.72 0 548.979 688.833 161.277 597.552 546.867 282.111 631.729 387.957 538.371 332.874 462.433 537.108 492.885 510.734 262.301 387.956 555.023 349.261 742.14 253.282 660.227 368.986 322.252 540.662 399.651 407.254 299.936 485.226 239.522 567.13 480.454 562.809 394.277 396.728 423.958 634.539 484.731 482.828 403.23 289.126 507.53 393.319 56.5787 324.327 393.1 459.41 42.7622 18.885 286.959 682.015 394.12 647.403 665.714 430.995 670.87 68.8105 840.577 573.914 401.049 683.058 492.661 553.932 264.342 127.96 90.6642 82.6497 640.866 190.309 710.616 242.996 475.598 165.216 76.7535 639.435 300.118 790.366 697.138 161.747 648.884 298.292 761.042 281.265 197.966 462.88 267.552 241.717 566.203 522.784 361.405 130.384 318.269 158.217 504.891 148.68 427.816 645.848 295.461 447.151 572.559 658.194 340.396 195.323 639.288 315.256 600.392 698.284 269.991 613.962 455.169 265.656 343.342 649.553 488.284 189.866 601.886 767.58 607.345 469.372 628.627 587.159 522.517 
430.46 323.265 300.707 241.039 555.01 136.555 682.044 252.697 548.979 0 573.342 447.344 67.5741 5.69893 463.291 470.936 399.3 248.984 462.528 236.92 186.579 130.968 99.5651 443.048 654.763 649 440.686 454.282 477.802 292.671 409.532 655.694 171.208 430.371 275.308 652.023 134.407 349.171 382.965 117.973 408.003 174.896 519.955 157.171 505.931 251.532 117.827 659.146 260.174 325.833 158.56 497.897 226.319 323.276 90.9834 536.259 557.182 262.946 291.016 155.571 597.486 436.176 609.832 710.445 508.133 413.772 40.873 616.157 732.604 619.572 373.827 291.53 421.02 461.242 469.173 550.148 551.813 246.702 405.145 264.735 482.787 609.246 324.705 653.986 375.351 780.897 447.496 729.999 537.568 354.423 317.31 355.275 176.241 554.348 425.476 43.6643 641.727 608.499 425.831 420.511 683.708 129.895 531.128 511.947 429.287 275.957 540.402 255.537 585.319 569.312 709.046 406.61 642.827 276.429 415.647 419.8 370.299 267.228 664.656 205.691 218.505 68.833 706.076 627.985 362.875 243.976 523.236 442.459 592.44 348.974 
164.898 282.241 278.672 412.434 31.1111 664.221 301.312 323.416 688.833 573.342 0 530.562 540.439 567.695 407.752 102.479 307.639 324.469 357.087 358.205 386.793 450.077 476.934 426.584 421.178 237.437 339.594 208.154 438.257 324.943 323.503 489.376 402.372 290.245 362.264 507.96 449.793 490.372 192.149 470.588 171.502 487.049 307.695 472.329 69.6398 334.308 469.313 410.085 558.834 259.773 530.217 679.251 540.988 338.719 543.419 648.013 679.908 552.957 347.184 543.114 76.1725 155.93 332.111 197.963 620.135 407.748 548.098 369.293 218.059 274.801 203.225 616.788 622.151 658.883 661.853 48.5776 526.662 439.849 452.833 326.384 524.269 687.174 271.871 509.917 377.791 274.412 530.002 244.84 416.064 362.205 691.579 564.084 417.39 455.643 449.222 538.375 264.54 403.297 657.037 372.015 708.192 677.167 553.257 271.771 152.98 491.848 264.107 320.622 50.2957 393.686 702.102 176.414 482.773 306.631 208.169 421.012 207.979 335.083 557.016 555.511 404.876 531.016 704.41 162.106 360.22 345.456 231.689 132.296 142.444 234.534 
382.813 309.004 441.291 243.771 536.97 410.328 408.261 421.4 161.277 447.344 530.562 0 483.766 443.973 130.786 470.628 226.962 387.72 179.555 314.043 395.732 364.212 387.851 105.848 291.121 419.442 191.844 582.174 108.54 509.36 208.474 250.961 401.957 240.378 255.08 237.061 356.561 100.102 406.389 356.859 401.567 275.713 251.796 301.162 474.416 333.588 358.873 303.557 201.264 348.777 289.812 149.795 226.811 234.845 356.843 124.48 156.092 195.852 532.871 295.283 493.575 504.804 306.084 531.245 93.2567 690.19 463.825 284.729 545.922 359.675 393.333 212.64 113.163 135.926 136.738 483.095 114.449 571.449 81.865 322.772 40.4041 184.87 484.108 238.407 639.857 567.837 0.660181 516.492 173.124 610.438 269.691 112.153 326.578 158.889 81.3923 454.466 390.514 252.047 150.082 158.594 245.177 439.462 84.3986 278.528 484.852 171.901 301.747 421.913 502.447 219.738 264.974 478.815 239.527 448.301 538.816 109.701 454.528 302.35 231.257 251.921 508.521 380.25 262.791 456.236 616.507 459.601 318.889 467.361 437.467 362.574 
409.243 313.077 262.324 257.297 519.535 203.978 678.126 217.174 597.552 67.5741 540.439 483.766 0 65.425 482.611 438.286 403.361 222.056 474.783 231.384 160.165 131.221 100.531 465.569 666.707 639.707 450.589 403.686 500.769 240.306 416.611 675.453 143.938 432.519 281.076 674.144 137.597 383.829 355.213 129.951 382.399 208.28 524.433 183.094 475.461 238.922 128.454 669.52 309.115 307.375 204.401 548.684 273.329 328.692 140.626 581.369 604.321 310.787 234.379 204.878 572.153 395.506 613.898 691.077 551.92 348.124 27.6026 624.303 713.545 616.348 348.001 347.374 470.181 512.124 519.893 522.091 582.218 181.069 432.511 253.996 516.637 653.753 279.326 676.201 311.477 764.208 483.839 715.019 555.24 292.106 379.871 400.643 178.838 576.092 451.731 31.8905 636.076 621.097 478.634 435.405 725.303 195.473 565.855 511.872 391.241 312.371 538.849 219.942 557.57 582.77 748.246 367.876 662.66 235.412 368.098 442.096 333.255 261.57 691.461 256.246 160.451 109.766 745.72 611.05 300.507 198.823 517.82 408.187 574.905 328.082 
424.764 317.65 295.225 236.154 549.403 139.414 676.634 247.173 546.867 5.69893 567.695 443.973 65.425 0 458.756 465.295 394.062 243.322 457.641 231.338 180.946 125.354 93.8934 438.685 649.92 643.461 435.687 449.211 473.483 287.79 404.406 651.251 165.603 425.083 270.045 647.715 128.853 345.583 377.284 112.588 402.309 170.897 514.774 152.595 500.262 245.865 112.401 654.234 257.9 320.141 155.675 496.037 223.756 318.04 88.1593 533.755 554.907 260.543 286.446 153.097 591.788 430.707 604.659 704.77 505.479 410.37 38.1563 611.141 726.932 614.172 368.136 290.259 418.92 459.377 467.292 544.459 548.021 243.382 401.065 259.092 479.225 606.703 319.442 649.684 371.585 775.25 444.119 724.371 532.975 350.421 317.361 352.694 170.759 549.988 421.336 39.7012 636.268 603.676 424.205 415.726 680.894 133.746 527.659 506.615 423.752 272.429 535.034 250.013 579.627 564.519 706.015 401.097 638.385 271.039 410.436 415.41 364.756 261.664 660.648 203.525 214.151 64.6799 703.084 622.327 358.875 238.771 517.763 436.847 586.775 343.276 
272.595 230.134 369.318 225.377 417.293 464.486 285.656 362.754 282.111 463.291 407.752 130.786 482.611 458.756 0 359.131 123.038 330.53 50.8014 269.7 358.53 352.176 382.08 29.7064 198.286 290.58 71.0149 486.558 31.8612 444.963 101.352 192.981 369.311 123.512 209.114 192.002 345.375 148.456 309.72 353.312 298.138 290.931 121.383 306.164 356.799 279.833 354.571 206.251 266.77 267.246 321.275 279.594 276.938 168.842 380.222 240.643 272.383 259.887 471.568 331.019 365.517 404.056 185.947 400.874 213.955 621.65 468.635 173.605 416.013 232.631 298.354 302.017 239.535 266.548 267.52 359.493 131.271 528.253 78.3101 265.327 116.923 281.606 408.679 194.108 572.188 440.248 130.147 388.089 74.723 543.313 371.673 209.768 306.114 94.4755 60.4139 457.92 263.328 152.454 276.961 54.4273 315.561 490.967 147.702 147.944 383.584 207.206 171.034 362.42 376.094 113.347 320.11 382.185 180.152 383.603 446.537 47.0098 364.653 247.271 215.997 302.784 464.749 394.709 320.542 325.463 548.135 404.79 188.748 361.475 307.301 273.666 
87.8305 191.207 177.277 320.82 86.1878 564.143 333.986 221.143 631.729 470.936 102.479 470.628 438.286 465.295 359.131 0 243.784 222.189 311.048 260.279 284.365 348.573 374.891 372.299 420.696 273.825 288.139 152.258 390.926 230.225 263.221 478.142 299.909 235.684 272.176 493.033 348.583 416.12 91.9501 369.498 77.11 391.23 282.463 374.43 40.0504 235.155 368.132 412.765 471.311 163.062 433.823 615.183 450.348 256.606 443.168 592.981 625.055 465.866 254.823 446.561 144.341 72.6915 333.323 274.302 563.134 341.846 445.653 366.27 296.455 290.352 104.337 530.537 551.577 591.212 595.083 89.8815 487.034 346.86 389.567 228.691 471.248 640.301 175.355 495.168 304.079 352.165 470.135 312.55 384.971 283.67 604.002 487.881 317.668 424.352 390.112 435.907 291 392.748 584.555 314.572 672.069 576.221 506.77 246.917 60.0929 407.118 250.951 218.362 124.117 373.587 671.569 80.8531 469.359 205.637 132.027 361.951 107.472 239.591 537.827 462.815 306.821 429.651 672.991 211.955 283.436 244.873 215.086 31.7661 179.29 138.162 
155.955 112.545 249.961 163.542 311.466 435.446 286.066 249.71 387.957 399.3 307.639 226.962 403.361 394.062 123.038 243.784 0 219.758 85.8277 173.743 259.479 273.54 305.865 130.331 266.903 263.502 57.6798 364.191 154.275 327.208 21.7158 291.536 272.846 32.4351 124.059 297.581 268.176 185.005 187.013 281.811 177.306 245.569 121.225 248.625 248.266 175.11 282.282 267.989 273.633 146.689 285.867 373.201 267.223 76.0247 329.717 349.295 381.353 266.901 354.644 298.141 281.801 282.74 211.024 352.517 319.35 501.019 394.96 221.479 371.909 223.668 175.411 325.702 314.544 351.499 354.699 261.795 254.289 418.928 146.542 159.309 228.501 398.983 287.68 299.81 452.058 409.63 226.459 355.992 174.031 423.54 401.264 259.193 225.681 207.648 146.34 383.773 248.974 223.103 349.683 72.2272 438.032 457.563 267.207 114.306 262.363 203.666 143.951 248.931 285.648 187.668 443.143 259.733 279.658 266.917 323.65 118.246 241.62 145.425 330.825 288.788 356.658 334.758 443.577 268.41 427.962 292.385 135.629 242.203 239.949 151.003 
187.435 109.098 68.0156 155.961 307.04 346.622 467.506 33.6865 538.371 248.984 324.469 387.72 222.056 243.322 330.53 222.189 219.758 0 304.069 76.6154 62.9204 128.412 152.929 325.091 483.954 423.609 276.244 237.788 357.553 121.952 238.915 511.083 78.9868 241.414 132.643 516.122 129.651 298.879 134.368 150.695 160.652 194.98 332.034 169.984 256.971 54.1312 148.985 483.292 300.605 89.3521 232.221 504.371 270.058 162.377 226.348 508.534 538.178 297.218 145.24 243.69 350.67 195.467 417.047 469.166 476.437 302.715 225.833 435.027 491.667 407.669 126.222 359.552 427.841 472.3 478.395 301.813 454.838 199.261 312.432 66.1799 407.263 572.587 109.301 518.336 252.394 542.854 387.489 494.451 392.137 222.992 424.7 353.676 108.191 422.73 324.993 215.591 423.928 441.632 452.317 276.334 628.027 356.313 454.567 311.323 184.97 254.443 334.71 34.2542 337.161 407.225 640.73 163.962 499.067 62.6805 192.698 304.138 126.693 86.0406 545.9 273.804 136.966 209.272 639.976 389.943 229.332 74.3336 308.42 194.526 353.68 107.104 
225.61 198.161 335.74 221.491 367.061 478.416 251.369 334.762 332.874 462.528 357.087 179.555 474.783 457.641 50.8014 311.048 85.8277 304.069 0 251.367 339.48 343.574 374.954 73.961 192.44 248.405 28.1521 442.771 81.3081 413.034 65.3251 207.33 351.786 77.2561 194.457 212.168 337.371 178.99 267.365 348.058 253.341 295.88 78.5586 306.334 307.098 256.84 348.971 196.659 291.202 232.4 330.884 329.118 295.529 148.652 384.535 291.444 323.179 284.201 440.443 341.811 314.985 359.121 157.681 355.227 264.622 586.345 463.422 155.444 371.351 194.023 256.884 333.019 284.932 314.453 315.871 308.779 176.187 503.305 115.075 241.416 167.712 331.266 373.029 214.39 537.577 398.916 178.934 345.947 88.3212 509.161 405.532 247.25 296.026 122.225 102.544 452.41 223.982 146.449 322.191 44.5441 361.348 503.382 197.128 99.6606 338.637 225.829 125.245 334.088 325.321 108.017 363.012 338.884 195.152 352.66 404.179 78.746 324.082 225.454 245.114 320.344 440.549 395.125 363.952 277.647 513.48 377.371 139.39 315.146 257.931 235.349 
200.944 86.7485 140.723 79.6101 346.309 307.15 447.638 109.456 462.433 236.92 358.205 314.043 231.384 231.338 269.7 260.279 173.743 76.6154 251.367 0 88.8627 106.098 138.307 260.015 440.091 412.318 225.095 306.555 294.024 197.91 189.11 457.74 100.452 201.681 61.6194 460.098 102.578 222.928 168.476 120.772 186.709 132.07 293.994 114.24 288.58 27.6717 120.324 441.634 228.202 98.484 173.873 427.815 200.155 102.788 187.443 433.403 462.678 224.259 219.745 186.489 369.236 251.83 383.018 475.712 401.334 378.161 225.837 395.2 497.609 385.548 155.979 287.926 351.232 395.685 401.786 326.844 388.106 261.132 241.615 31.8251 335.955 498.65 183.833 462.267 327.934 544.722 313.85 493.41 336.993 298.611 356.173 277.14 62.431 363.873 256.002 214.653 406.296 395.504 375.965 217.225 556.615 322.306 384.207 280.489 237.291 178.354 307.577 110.455 360.653 358.551 571.193 219.948 445.277 139.28 260.739 237.783 184.372 30.5316 485.494 207.719 197.439 180.679 570.1 392.288 305.192 145.676 287.721 238.139 357.205 123.699 
249.181 157.487 117.86 152.373 368.555 290.843 522.354 69.3418 537.108 186.579 386.793 395.732 160.165 180.946 358.53 284.365 259.479 62.9204 339.48 88.8627 0 74.5033 93.1512 348.255 526.379 481.287 312.764 283.451 382.517 139.142 276.206 546.285 16.2469 285.268 149.81 548.903 78.2643 299.966 197.282 97.9071 223.455 162.594 377.579 133.06 319.681 85.0009 95.7037 527.171 276.598 147.498 192.58 497.896 242.504 191.297 173.154 511.161 539.121 274.523 153.088 202.405 413.488 252.489 465.214 531.008 479.366 309.56 162.955 479.93 553.455 461.405 189.037 332.519 419.077 463.806 470.544 364.729 475.43 175.73 327.195 100.925 420.475 578.857 150.251 551.076 260.752 604.047 395.603 554.988 425.648 232.588 391.321 344.06 76.6521 452.734 342.717 152.676 479.469 482.396 439.275 306.062 640.221 298.173 469.348 360.593 244.013 243.397 385.898 72.0773 400.081 446.051 656.474 221.91 533.869 98.4959 240.556 325.74 185.012 114.297 574.235 240.617 112.963 151.94 655.115 450.906 240.188 80.4171 362.178 255.97 414.747 167.919 
301.272 192.297 190.81 127.644 434.214 218.369 552.88 142.937 492.885 130.968 450.077 364.212 131.221 125.354 352.176 348.573 273.54 128.412 343.574 106.098 74.5033 0 32.518 336.255 535.595 518.403 319.535 357.874 371.454 210.909 285.975 544.761 65.6254 303.526 150.27 544.035 7.70754 264.53 258.023 23.4039 281.221 101.28 394.766 70.3009 381.372 121.134 21.2336 538.593 216.683 196.46 122.699 449.143 180.696 198.185 99.0364 471.283 497.09 215.874 221.207 131.133 469.228 323.473 484.523 579.985 440.354 372.393 121.45 493.746 602.066 490.584 247.68 268.627 369.49 413.661 420.898 423.595 456.44 221.803 306.014 133.884 394.135 541.827 224.711 546.116 325.455 650.023 364.2 599.042 424.323 298.618 322.268 295.542 47.9212 446.079 324.35 110.252 511.955 489.92 385.325 304.295 608.888 228.068 443.62 384.129 313.378 198.12 411.961 145.563 458.378 451.553 628.97 292.189 531.998 172.915 314.688 312.83 254.942 136.534 563.113 174.102 166.237 81.1256 626.936 497.213 306.629 152.765 393.365 322.088 461.784 220.376 
331.159 224.107 210.917 156.785 459.961 198.659 585.37 162.309 510.734 99.5651 476.934 387.851 100.531 93.8934 382.08 374.891 305.865 152.929 374.954 138.307 93.1512 32.518 0 365.206 567.175 550.605 351.254 374.072 400.415 220.354 318.026 574.932 80.0288 335.966 182.335 573.645 37.7615 287.773 285.43 31.0027 309.644 116.46 427.084 87.4874 408.765 151.974 28.994 570.382 228.161 226.427 127.138 464.982 191.593 230.352 85.7774 491.151 515.913 228.304 226.734 132.824 498.595 345.61 516.876 610.882 460.74 371.543 89.1051 525.772 633.039 523.086 275.708 275.892 385.428 428.975 436.435 452.016 483.262 213.726 333.112 165.322 419.222 562.552 241.157 575.705 326.504 681.42 387.878 630.656 454.78 301.063 323.419 312.776 80.187 475.601 351.996 77.9336 544.383 521.38 398.66 335.103 631.512 205.052 468.64 416.637 336.795 218.587 444.479 165.081 487.02 482.848 652.821 314.905 562.136 190.056 332.271 341.737 277.884 168.803 591.463 180.739 164.218 59.8275 650.573 528.457 309.316 164.382 425.79 347.454 492.885 249.821 
284.806 229.869 368.481 208.648 434.45 438.676 315.273 358.034 262.301 443.048 426.584 105.848 465.569 438.685 29.7064 372.299 130.331 325.091 73.961 260.015 348.255 336.255 365.206 0 225.011 319.059 86.9918 493.972 35.2122 442.435 109.589 212.945 358.066 137.732 198.518 209.157 329.207 119.588 316.661 335.724 307.625 269.236 149.189 286.424 372.803 272.802 337.142 233.745 238.626 268.424 297.493 255.613 250.337 162.803 358.194 221.942 253.983 231.797 468.329 306.742 387.827 413.038 215.648 428.196 193.56 621.018 450.393 202.694 443.772 261.757 304.579 272.615 211.677 240.494 241.927 378.73 129.968 520.606 48.9574 259.086 99.004 268.719 409.158 211.157 571.152 469.038 105.238 416.654 99.5963 542.018 342.003 180.071 291.386 111.304 30.7671 439.863 292.379 179.765 249.049 58.1384 309.679 465.585 137.2 173.476 392.677 181.128 198.037 357.931 397.115 141.232 317.893 389.545 200.086 380.75 452.647 23.4733 369.527 240.046 227.272 276.368 456.907 374.253 317.722 351.467 547.212 399.377 213.335 372.287 331.835 277.462 
354.111 374.875 502.503 413.788 443.134 662.748 158.82 511.641 387.956 654.763 421.178 291.121 666.707 649.92 198.286 420.696 266.903 483.954 192.44 440.091 526.379 535.595 567.175 225.011 0 205.765 216.144 570.792 196.751 580.727 251.065 79.0373 539.699 242.571 385.745 103.045 529.52 343.647 413.34 540.482 390.277 486.022 153.402 498.165 399.318 441.848 541.378 16.0235 463.294 401.861 518.514 411.675 475.098 338.657 575.205 347.127 371.384 456.525 609.086 528.631 353.035 485.978 89.2736 318.351 334.937 741.703 655.788 54.4921 323.671 149.994 407.002 493.098 402.222 413.799 411.516 376.385 199.679 681.454 272.94 425.982 255.622 346.552 533.45 104.236 695.867 322.961 290.501 282.238 125.837 669.288 557.744 394.998 487.87 132.381 252.297 644.754 170.777 46.4239 437.537 234.429 330.769 689.097 244.123 181.679 466.938 405.472 170.37 510.471 374.506 85.9744 311.085 475.291 79.2787 524.075 540.862 245.236 472.296 412.283 154.692 501.011 620.603 587.068 315.29 276.721 672.202 554.038 206.103 437.339 281.93 396.713 
243.887 327.132 413.526 424.578 264.898 698.115 63.875 440.958 555.023 649 237.437 419.442 639.707 643.461 290.58 273.825 263.502 423.609 248.405 412.318 481.287 518.403 550.605 319.059 205.765 0 250.631 423.475 311.077 484.834 263.334 283.233 497.165 231.312 379.255 305.9 514.613 426.051 308.728 531.603 279.72 507.627 170.191 507.269 240.336 401.028 531.497 191.475 531.663 334.536 548.832 563.92 529.184 334.465 588.421 512.276 541.33 524.724 512.432 561.264 162.168 346.398 128.41 117.058 491.582 615.527 637.208 164.932 128.036 62.7484 309.262 578.398 530.058 555.097 555.291 201.572 368.167 599.051 363.372 386.384 396.548 530.172 430.404 307.424 576.356 150.547 418.785 97.6258 256.731 554.163 652.263 495.624 472.917 289.49 349.341 626.11 35.2174 206.094 567.487 287.066 528.789 719.298 406.681 154.175 331.571 462.716 124.878 438.853 187.276 216.321 513.231 347.831 280.549 440.832 405.69 327.105 359.929 381.873 357.922 551.618 546.987 589.128 516.924 76.9636 554.776 478.263 128.458 300.19 97.5582 317.425 
201.611 170.034 307.617 200.014 347.771 462.669 260.526 306.769 349.261 440.686 339.594 191.844 450.589 435.687 71.0149 288.139 57.6798 276.244 28.1521 225.095 312.764 319.535 351.254 86.9918 216.144 250.631 0 416.839 102.854 384.883 37.3362 234.9 325.362 52.4976 169.604 240.19 313.546 176.04 240.726 325.079 227.81 277.152 86.0617 285.57 286.584 229.592 325.871 219.142 282.314 204.298 313.92 341.481 283.335 122.792 364.942 308.682 340.671 275.328 412.292 325.31 302.185 333.739 172.636 352.443 280.543 558.386 440.063 175.491 369.744 200.591 229.931 327.774 291.824 324.206 326.27 291.75 200.935 475.504 119.274 214.059 185.185 352.354 345.051 242.415 509.551 400.839 191.259 347.342 116.436 481.098 401.723 247.577 271.759 150.15 111.292 428.984 229.347 170.82 328.615 37.2938 385.889 486.831 218.638 97.0267 313.252 214.686 125.756 306.071 310.606 133.457 388.877 312.684 222.831 324.517 377.644 84.0611 296.932 198.542 273.195 307.355 412.866 373.955 389.622 272.077 485.453 349.399 132.559 290.648 249.322 207.62 
220.966 274.796 169.924 383.667 177.284 572.68 484.906 215.473 742.14 454.282 208.154 582.174 403.686 449.211 486.558 152.258 364.191 237.788 442.771 306.555 283.451 357.874 374.072 493.972 570.792 423.475 416.839 0 518.159 163.409 385.619 624.586 294.471 365.524 345.05 637.869 361.113 510.046 177.311 381.255 189.597 432.686 427.227 407.582 183.142 279.066 379.103 563.54 534.745 235.514 469.746 717.088 506.149 349.592 456.572 706.649 738.212 530.714 173.758 480.959 277.222 85.3748 484.439 405.383 675.289 199.595 419.766 516.301 425.948 442.598 189.593 594.475 645.736 688.607 693.695 225.937 617.608 259.341 500.547 281.543 590.383 761.48 133.218 640.052 171.975 482.391 581.776 450.081 523.823 160.817 661.701 574.975 345.757 562.098 505.92 412.533 442.514 540.467 674.579 436.192 802.069 577.16 631.151 393.044 105.364 481.169 400.446 212.994 251.984 518.134 805.67 104.46 615.087 184.964 45.8582 479.207 128.699 299.883 680.197 511.294 245.886 433.865 806.46 356.379 157.192 211.149 364.691 133.564 326.804 219.652 
304.451 259.454 398.582 243.856 448.36 470.211 300.504 390.195 253.282 477.802 438.257 108.54 500.769 473.483 31.8612 390.926 154.275 357.553 81.3081 294.024 382.517 371.454 400.415 35.2122 196.751 311.077 102.854 518.159 0 473.544 132.667 178.861 392.589 155.351 232.707 174.235 364.413 147.376 341.187 370.91 329.915 303.669 145.092 321.367 388.191 305.881 372.336 206.803 267.163 297.168 330.885 254.27 281.345 195.218 392.407 211.319 242.783 260.485 499.828 339.792 394.21 435.817 198.739 423.726 185.842 651.114 485.506 180.64 437.937 251.134 329.685 296.737 220.701 244.02 244.295 389.88 100.223 554.09 77.4308 291.819 88.4249 250.106 438.481 176.212 601.473 459.297 107.882 407.999 71.2728 572.481 363.314 200.186 326.491 76.7404 56.2641 474.997 281.973 153.039 257.979 83.8015 283.91 497.522 116.054 174.7 415.35 213.041 195.535 389.982 405.586 116.51 289.21 413.75 166.037 411.993 477.916 58.678 395.741 273.154 192.299 307.519 490.438 408.982 289.483 350.629 577.459 431.887 216.146 393.33 334.243 304.411 
242.062 215.31 78.3228 276.159 299.005 416.455 537.652 88.507 660.227 292.671 324.943 509.36 240.306 287.79 444.963 230.225 327.208 121.952 413.034 197.91 139.142 210.909 220.354 442.435 580.727 484.834 384.883 163.409 473.544 0 348.027 616.831 145.312 342.894 254.351 624.33 215.866 420.707 176.793 233.826 205.326 301.181 427.39 272.092 270.27 175.952 231.374 577.789 413.602 181.204 331.591 625.483 380.46 280.163 305.732 630.476 660.126 411.024 28.4683 341.133 374.406 169.664 505.209 503.538 598.379 180.844 256.989 528.745 525.894 482.878 178.661 470.656 548.283 592.898 599.164 320.087 572.386 116.813 433.051 186.706 527.845 694.22 55.4281 626.564 130.51 581.043 509.118 538.684 501.184 101.093 530.457 473.678 213.452 534.442 444.64 250.203 493.065 541.524 571.443 390.556 748.317 418.325 574.506 400.696 172.579 373.499 419.022 87.7077 354.176 510.264 759.737 149.829 605.385 61.7286 130.254 422.458 126.515 207.061 657.819 379.623 83.9435 279.6 759.225 434.814 107.383 58.7254 387.474 198.542 399.473 184.016 
175.512 132.925 271.043 170.625 328.691 439.209 281.117 269.454 368.986 409.532 323.503 208.474 416.611 404.406 101.352 263.221 21.7158 238.915 65.3251 189.11 276.206 285.975 318.026 109.589 251.065 263.334 37.3362 385.619 132.667 348.027 0 272.198 289.079 35.9606 135.709 277.482 280.264 173.729 208.534 292.818 198.193 250.781 110.871 256.382 265.956 192.613 293.457 253.092 269.367 167.925 289.641 355.994 265.858 87.9245 336.877 329.825 361.907 262.502 375.32 301.567 293.759 303.841 200.506 357.49 300.25 522.42 407.074 207.772 376.173 219.329 197.034 319.183 299.748 335.475 338.361 276.882 232.616 438.176 129.351 176.999 208.228 378.299 309.102 279.706 473.366 411.532 207.949 357.803 153.637 444.779 394.381 247.627 238.063 186.5 127.306 395.933 246.14 206.408 335.486 51.4994 416.504 462.249 246.082 110.441 283.428 199.844 140.502 268.769 299.167 169.867 421.444 281.175 260.153 287.465 345.253 98.9992 263.323 161.911 309.812 288.524 375.574 343.823 421.894 274.402 449.272 312.076 137.696 262.7 247.836 172.687 
404.191 403.879 538.732 418.318 509.27 647.276 237.856 541.242 322.252 655.694 489.376 250.961 675.453 651.251 192.981 478.142 291.536 511.083 207.33 457.74 546.285 544.761 574.932 212.945 79.0373 283.233 234.9 624.586 178.861 616.831 272.198 0 558.16 273.98 398.98 24.5492 538.059 322.448 458.454 546.282 438.372 482.177 197.465 498.743 460.917 464.139 547.527 94.7485 440.93 435.66 509.7 352.509 458.324 355.01 571.118 283.534 304.679 434.562 644.717 518.467 424.491 539.215 159.905 397.01 276.297 785.296 661.614 121.651 402.656 224.938 450.304 462.037 355.288 359.862 356.456 442.99 143.562 710.338 255.193 448.743 211.624 273.776 573.375 25.441 737.777 401.429 250.418 361.265 120.906 710.113 520.531 361.547 498.244 102.259 233.975 650.901 248.046 86.3706 388.194 241.356 252.42 675.057 187.566 231.707 519.422 391.174 228.72 540.443 444.554 107.64 232.051 525.036 12.8675 557.568 591.264 235.999 517.349 432.577 75.6573 484.547 647.765 586.964 236.28 351.802 713.787 583.919 264.117 491.341 353.675 434.744 
265.428 172.645 131.275 158.187 383.802 278.572 537.828 82.666 540.662 171.208 402.372 401.957 143.938 165.603 369.311 299.909 272.846 78.9868 351.786 100.452 16.2469 65.6254 80.0288 358.066 539.699 497.165 325.362 294.471 392.589 145.312 289.079 558.16 0 299.241 160.206 560.278 70.6143 305.005 213.29 88.7164 239.601 159.927 391.645 129.527 335.482 99.4143 86.325 540.764 275.11 163.615 186.961 500.212 240.252 203.241 162.522 515.743 543.223 273.432 156.593 196.093 429.632 266.493 479.633 547.255 484.101 310.69 146.847 493.756 569.701 476.735 205.176 329.79 421.035 465.69 472.576 380.73 484.31 170.231 335.272 115.261 427.83 584.192 161.357 562.439 262.66 620.27 401.853 571.167 437.371 235.107 386.439 346.12 77.9108 463.685 351.377 136.639 495.059 495.448 440.032 317.387 646.881 284.894 476.928 375.304 258.585 245.823 400.887 85.4736 416.103 458.782 663.945 236.237 545.678 110.059 252.32 335.314 199.549 127.423 584.637 236.633 109.089 139.576 662.448 467.119 242.941 87.1656 377.574 271.256 430.968 184.155 
149.137 132.393 264.755 195.826 296.944 467.877 253.824 269.645 399.651 430.371 290.245 240.378 432.519 425.083 123.512 235.684 32.4351 241.414 77.2561 201.681 285.268 303.526 335.966 137.732 242.571 231.312 52.4976 365.524 155.351 342.894 35.9606 273.98 299.241 0 155.103 282.319 298.401 209.684 190.538 312.632 176.09 277.986 92.4438 280.692 235.075 200.314 313.013 242.356 303.757 161.826 318.291 389.073 298.625 107.438 361.86 359.627 391.685 296.949 370.856 330.551 258.202 281.907 181.399 322.433 330.843 512.704 424.965 194.711 341.425 191.369 180.477 354.491 334.713 369.631 372.268 243.048 252.969 439.503 163.186 184.386 236.618 404.684 299.918 284.555 464.567 378.087 239.825 324.396 161.235 436.598 429.824 283.546 255.829 197.885 159.002 413.76 216.541 200.454 370.702 81.7876 438.066 489.985 271.089 82.1398 261.42 233.947 111.619 268.599 264.252 167.511 440.255 261.715 262.652 284.078 327.172 130.768 247.889 172.361 319.258 320.557 378.192 366.365 441.162 238.943 440.512 312.223 103.882 238.321 211.953 161.3 
197.829 80.9912 189.109 50.7107 355.481 321.409 407.9 166.327 407.254 275.308 362.264 255.08 281.076 270.045 209.114 272.176 124.059 132.643 194.457 61.6194 149.81 150.27 182.335 198.518 385.745 379.255 169.604 345.05 232.707 254.351 135.709 398.98 160.206 155.103 0 400.373 144.576 168.599 185.305 157.755 195.11 131.851 245.07 128.056 293.621 78.5127 158.245 388.445 199.275 113.658 175.055 375.99 178.841 48.1192 209.167 376.373 406.358 193.991 277.84 188.015 360.381 279.662 334.955 454.786 344.279 435.195 271.411 343.478 475.846 345.336 171.414 258.816 301.899 345.574 351.146 324.766 326.493 322.719 180.651 68.3476 275.3 439.949 232.624 402.522 384.86 519.184 254.848 466.428 278.073 355.443 331.842 230.041 102.367 303.522 194.544 260.258 368.813 340.337 329.687 157.684 496.107 341.004 323.202 236.919 262.359 137.848 265.77 166.835 356.093 302.414 510.019 249.11 386.388 193.595 299.503 176.19 217.317 47.9199 424.52 193.577 259.014 211.543 509.019 369.924 361.614 205.177 251.312 255.917 336.773 136.138 
417.009 410.122 546.532 416.861 527.068 638.617 261.782 546.93 299.936 652.023 507.96 237.061 674.144 647.715 192.002 493.033 297.581 516.122 212.168 460.098 548.903 544.035 573.645 209.157 103.045 305.9 240.19 637.869 174.235 624.33 277.482 24.5492 560.278 282.319 400.373 0 537.168 313.8 469.423 544.504 450.385 477.721 210.907 495.569 477.257 467.905 545.853 118.891 430.986 443.186 503.571 331.905 450.005 357.762 566.183 261.928 282.143 424.778 651.985 511.882 444.413 552.523 180.955 420.322 256.196 794.865 659.438 142.718 426.343 246.736 460.737 449.325 338.296 340.745 337.024 461.106 126.135 715.278 248.606 452.747 197.056 249.835 582.236 2.23623 746.874 425.774 236.551 385.225 123.987 718.91 505.749 348.682 498.112 98.0635 227.622 648.855 270.683 104.919 370.314 242.896 227.98 666.758 169.021 246.119 532.539 384.063 245.52 546.251 463.909 119.765 208.23 537.237 25.6184 564.426 603.49 232.555 528.054 435.916 52.0584 476.187 652.319 583.198 212.332 373.291 722.825 589.536 280.412 505.05 373.871 443.599 
299.544 189.152 193.264 120.56 434.399 217.011 548.431 145.807 485.226 134.407 449.793 356.561 137.597 128.853 345.375 348.583 268.176 129.651 337.371 102.578 78.2643 7.70754 37.7615 329.207 529.52 514.613 313.546 361.113 364.413 215.866 280.264 538.059 70.6143 298.401 144.576 537.168 0 256.854 257.652 21.0698 280.328 93.9855 389.384 62.9643 380.888 119.073 19.5523 532.661 209.524 194.811 116.696 441.572 173.643 192.605 96.8109 463.58 489.404 208.626 226.84 125.528 467.712 325.045 479.198 577.469 432.647 378.802 126.844 488.011 599.489 486.069 247.028 261.881 361.924 406.123 413.347 422.598 449.05 229.08 298.64 131.246 386.57 534.119 228.083 539.243 331.638 647.099 356.55 595.928 417.712 304.623 316.309 287.926 42.5768 439.182 317.058 115.684 507.721 483.77 377.924 297.809 601.21 227.672 436.055 379.266 314.529 190.421 407.268 148.377 457.254 445.31 621.341 293.607 525.285 176.261 317.613 305.768 256.339 132.826 555.964 167.578 173.025 81.2727 619.296 494.443 312.59 157.481 389.157 322.508 459.139 219.005 
330.657 235.943 357.702 147.705 491.323 324.927 429.885 332.2 239.522 349.171 490.372 100.102 383.829 345.583 148.456 416.12 185.005 298.879 178.99 222.928 299.966 264.53 287.773 119.588 343.647 426.051 176.04 510.046 147.376 420.707 173.729 322.448 305.005 209.684 168.599 313.8 256.854 0 340.251 256.776 341.56 176.084 257.359 201.079 427.507 245.37 258.802 352.956 119.788 274.655 193.476 207.671 136.211 162.147 259.414 211.327 239.966 113.115 442.595 200.354 466.689 438.606 332.844 528.058 179.441 601.089 364.254 322.058 545.665 372.998 326.45 154.429 136.47 178.599 183.657 445.711 203.587 475.148 70.8345 236.76 133.654 279.202 401.224 315.525 550.86 576.51 100.142 523.14 217.81 521.528 226.57 74.1887 228.405 221.001 91.3639 354.752 402.832 298.961 168.444 139.091 344.362 352.962 182.375 273.048 419.684 73.3028 301.394 333.05 470.536 260.746 365.053 409.95 309.897 361.024 465.105 103.009 381.365 216.443 318.832 162.387 412.91 281.402 362.809 446.492 528.058 368.088 307.521 407.04 421.233 292.721 
65.2713 105.992 105.425 232.087 178.125 472.473 360.86 140.177 567.13 382.965 192.149 406.389 355.213 377.284 309.72 91.9501 187.013 134.368 267.365 168.476 197.282 258.023 285.43 316.661 413.34 308.728 240.726 177.311 341.187 176.793 208.534 458.454 213.29 190.538 185.305 469.423 257.652 340.251 0 278.44 29.3377 299.871 262.354 282.539 123.386 143.205 277.168 408.672 384.235 72.6632 342.222 544.945 361.403 178.105 351.548 530.712 562.463 379.117 204.843 354.905 216.969 98.7847 333.102 339.064 499.641 328.405 360.104 359.796 361.657 306.576 13.9795 443.978 476.721 518.276 522.844 167.447 440.943 290.332 324.551 137.031 413.297 584.372 123.835 471.644 282.72 414.648 405.967 368.746 351.136 256.727 516.304 409.202 225.821 388.365 329.054 349.928 316.273 377.729 507.799 258.908 625.033 485.047 453.842 231.664 79.4601 322.603 246.382 137.629 202.813 350.841 629.462 72.9134 448.025 133.566 136.926 302.098 59.0718 149.002 508.885 372.684 239.958 338.891 630.08 263.767 259.229 172.368 213.136 70.9307 227.62 49.1865 
